ticker,XYZT,ABCD,EFGH,IJKL,MNOP,QRST,UVWX,PQRS
XYZT,100,78,65,22,15,38,18,52
ABCD,78,100,71,19,12,35,16,48
EFGH,65,71,100,25,18,42,20,55
IJKL,22,19,25,100,28,30,68,15
MNOP,15,12,18,28,100,33,22,10
QRST,38,35,42,30,33,100,27,40
UVWX,18,16,20,68,22,27,100,14
PQRS,52,48,55,15,10,40,14,100
